0 0 0 0 0 0 0 0 0 0 0 0 0 0 0 0 0 0 0 0 0 0 0 0 0 0 0 0 0 0 0 0 0 0 0 0 0 0 0 0 0 0 0 0 0 0 0 0 0 0 0 0 0 0 0 0 0 0 0 0 0 0 0 0 0 0 0 0 0 0 0 0 0 0 0 0 0 0 0 0 0 0 0 0 0 0 0 0 0 0 0 0 0 0 0 0 0 0 0 0 0 0 0 0 0 0 0 0 0 0 0 0 0 0 0 0 0 0 0 0 0 0 0 0 0 0 0 0 0 0 0 0 0 0 0 0 0 0 0 0 0 0 0 0 0 0 0 0 0 0 0 0 0 0 0 0 0 0 0 0 0 0 0 0 0 0 0 0 0 0 0 0 0 0 0 0 0 0 0 0 0 0 0 0 0 0 0 0 0 0 0 0 0 0 0 0 0 0 0 0
0 0 0 0 0 0 0 0 0 0 0 0 0 0 0 0 0 0 0 0 0 0 0 0 0 0 0 0 0 0 0 0 0 0 0 0 0 0 0 0 0 0 0 0 0 0 0 0 0 0 0 0 0 0 0 0 0 0 0 0 0 0 0 0 0 0 0 0 0 0 0 0 0 0 0 0 0 0 0 0 0 0 0 0 0 0 0 0 0 0 0 0 0 0 0 0 0 0 0 0 0 0 0 0 0 0 0 0 0 0 0 0 0 0 0 0 0 0 0 0 0 0 0 0 0 0 0 0 0 0 0 0 0 0 0 0 0 0 0 0 0 0 0 0 0 0 0 0 0 0 0 0 0 0 0 0 0 0 0 0 0 0 0 0 0 0 0 0 0 0 0 0 0 0 0 0 0 0 0 0 0 0 0 0 0 0 0 0 0 0 0 0 0 0 0 0 0 0 0 0
0 0 0 0 0 0 0 0 0 0 0 0 0 0 0 0 0 0 0 0 0 0 0 0 0 0 0 0 0 0 0 0 0 0 0 0 0 0 0 0 0 0 0 0 0 0 0 0 0 0 0 0 0 0 0 0 0 0 0 0 0 0 0 0 0 0 0 0 0 0 0 0 0 0 0 0 0 0 0 0 0 0 0 0 0 0 0 0 0 0 0 0 0 0 0 0 0 0 0 0 0 0 0 0 0 0 0 0 0 0 0 0 0 0 0 0 0 0 0 0 0 0 0 0 0 0 0 0 0 0 0 0 0 0 0 0 0 0 0 0 0 0 0 0 0 0 0 0 0 0 0 0 0 0 0 0 0 0 0 0 0 0 0 0 0 0 0 0 0 0 0 0 0 0 0 0 0 0 0 0 0 0 0 0 0 0 0 0 0 0 0 0 0 0 0 0 0 0 0 0
0 0 0 0 0 0 0 0 0 0 0 0 0 0 0 0 0 0 0 0 0 0 0 0 0 0 0 0 0 0 0 0 0 0 0 0 0 0 0 0 0 0 0 0 0 0 0 0 0 0 0 0 0 0 0 0 0 0 0 0 0 0 0 0 0 0 0 0 0 0 0 0 0 0 0 0 0 0 0 0 0 0 0 0 0 0 0 0 0 0 0 0 0 0 0 0 0 0 0 0 0 0 0 0 0 0 0 0 0 0 0 0 0 0 0 0 0 0 0 0 0 0 0 0 0 0 0 0 0 0 0 0 0 0 0 0 0 0 0 0 0 0 0 0 0 0 0 0 0 0 0 0 0 0 0 0 0 0 0 0 0 0 0 0 0 0 0 0 0 0 0 0 0 0 0 0 0 0 0 0 0 0 0 0 0 0 0 0 0 0 0 0 0 0 0 0 0 0 0 0
0 0 0 0 0 0 0 0 0 0 0 0 0 0 0 0 0 0 0 0 0 0 0 0 0 0 0 0 0 0 0 0 0 0 0 0 0 0 0 0 0 0 0 0 0 0 0 0 0 0 0 0 0 0 0 0 0 0 0 0 0 0 0 0 0 0 0 0 0 0 0 0 0 0 0 0 0 0 0 0 0 0 0 0 0 0 0 0 0 0 0 0 0 0 0 0 0 0 0 0 0 0 0 0 0 0 0 0 0 0 0 0 0 0 0 0 0 0 0 0 0 0 0 0 0 0 0 0 0 0 0 0 0 0 0 0 0 0 0 0 0 0 0 0 0 0 0 0 0 0 0 0 0 0 0 0 0 0 0 0 0 0 0 0 0 0 0 0 0 0 0 0 0 0 0 0 0 0 0 0 0 0 0 0 0 0 0 0 0 0 0 0 0 0 0 0 0 0 0 0
0 0 0 0 0 0 0 25 27 27 27 27 27 27 27 27 27 27 27 27 27 27 27 27 27 11 0 25 27 27 27 27 27 27 27 27 27 11 0 0 0 0 0 0 0 0 0 0 0 0 0 0 0 0 0 0 0 0 0 0 0 0 0 0 0 0 0 0 0 0 0 0 0 0 0 0 0 0 0 0 0 0 0 0 0 0 0 0 0 0 0 0 0 0 0 0 0 0 0 0 0 0 0 0 0 0 0 0 0 0 0 0 0 0 0 0 0 0 0 0 0 0 0 0 0 0 0 0 0 0 0 0 0 0 0 0 0 0 0 0 0 0 0 0 0 0 0 0 0 0 0 0 0 0 0 0 0 0 0 0 0 0 0 0 0 0 25 27 27 27 27 27 11 0 25 27 27 27 27 27 27 27 27 27 11 0 25 27 27 27 27 27 27 11 0 0 0 0 0 0
0 0 0 0 0 0 0 29 31 31 31 31 31 31 31 31 31 31 31 31 31 31 31 31 31 15 0 29 31 31 31 31 31 31 31 31 31 15 0 0 0 0 0 0 0 0 0 0 0 0 0 0 0 0 0 0 0 0 0 0 0 0 0 0 0 0 0 0 0 0 0 0 0 0 0 0 0 0 0 0 0 0 0 0 0 0 0 0 0 0 0 0 0 0 0 0 0 0 0 0 0 0 0 0 0 0 0 0 0 0 0 0 0 0 0 0 0 0 0 0 0 0 0 0 0 0 0 0 0 0 0 0 0 0 0 0 0 0 0 0 0 0 0 0 0 0 0 0 0 0 0 0 0 0 0 0 0 0 0 0 0 0 0 25 27 27 31 31 31 31 31 31 15 0 29 31 31 31 31 31 31 31 31 31 15 0 29 31 31 31 31 31 31 15 0 0 0 0 0 0
0 0 0 0 0 0 0 29 31 31 31 31 31 31 31 31 31 31 31 31 31 31 31 31 31 15 0 29 31 31 31 31 31 31 31 31 31 15 0 0 0 0 0 0 0 0 0 0 0 0 0 0 0 0 0 0 0 0 0 0 0 0 0 0 0 0 0 0 0 0 0 0 0 0 0 0 0 0 0 0 0 0 0 0 0 0 0 0 0 0 0 0 0 0 0 0 0 0 0 0 0 0 0 0 0 0 0 0 0 0 0 0 0 0 0 0 0 0 0 0 0 0 0 0 0 0 0 0 0 0 0 0 0 0 0 0 0 0 0 0 0 0 0 0 0 0 0 0 0 0 0 0 0 0 0 0 0 0 0 0 0 0 0 29 31 31 31 31 31 31 31 31 15 0 29 31 31 31 31 31 31 31 31 31 15 0 29 31 31 31 31 31 31 15 0 0 0 0 0 0
0 0 0 0 0 0 0 29 31 31 31 31 31 31 31 31 31 31 31 31 31 31 31 31 31 15 0 29 31 31 31 31 31 31 31 31 31 15 0 0 0 0 0 0 0 0 0 0 0 0 0 0 0 0 0 0 0 0 0 0 0 0 0 0 0 0 0 0 0 0 0 0 0 0 0 0 0 0 0 0 0 0 0 0 0 0 0 0 0 0 0 0 0 0 0 0 0 0 0 0 0 0 0 0 0 0 0 0 0 0 0 0 0 0 0 0 0 0 0 0 0 0 0 0 0 0 0 0 0 0 0 0 0 0 0 0 0 0 0 0 0 0 0 0 0 0 0 0 0 0 0 0 0 0 0 0 0 0 0 0 0 0 0 29 31 31 31 31 31 31 31 31 15 0 29 31 31 31 31 31 31 31 31 31 15 0 29 31 31 31 31 31 31 15 0 0 0 0 0 0
0 0 0 0 0 0 0 29 31 31 31 31 31 31 31 31 31 31 31 31 31 31 31 31 31 15 0 29 31 31 31 31 31 31 31 31 31 15 0 0 0 0 0 0 0 0 0 0 0 0 0 0 0 0 0 0 0 0 0 0 0 0 0 0 0 0 0 0 0 0 0 0 0 0 0 0 0 0 0 0 0 0 0 0 0 0 0 0 0 0 0 0 0 0 0 0 0 0 0 0 0 0 0 0 0 0 0 0 0 0 0 0 0 0 0 0 0 0 0 0 0 0 0 0 0 0 0 0 0 0 0 0 0 0 0 0 0 0 0 0 0 0 0 0 0 0 0 0 0 0 0 0 0 0 0 0 0 0 0 0 0 0 0 29 31 31 31 31 31 31 31 31 15 0 29 31 31 31 31 31 31 31 31 31 15 0 29 31 31 31 31 31 31 15 0 0 0 0 0 0
0 0 0 0 0 0 0 29 31 31 31 31 31 31 31 31 31 31 31 31 31 31 31 31 31 15 0 29 31 31 23 23 23 23 23 23 23 7 0 0 0 0 0 0 0 0 0 0 0 0 0 0 0 0 0 0 0 0 0 0 0 0 0 0 0 0 0 0 0 0 0 0 0 0 0 0 0 0 0 0 0 0 0 0 0 0 0 0 0 0 0 0 0 0 0 0 0 0 0 0 0 0 0 0 0 0 0 0 0 0 0 0 0 0 0 0 0 0 0 0 0 0 0 0 0 0 0 0 0 0 0 0 0 0 0 0 0 0 0 0 0 0 0 0 0 0 0 0 0 0 0 0 0 0 0 0 0 0 0 0 0 0 0 29 31 31 31 31 31 31 31 31 15 0 29 31 31 31 31 31 31 31 31 31 15 0 29 31 31 31 31 31 31 15 0 0 0 0 0 0
0 0 0 0 0 0 0 29 31 31 31 31 31 31 31 31 31 31 31 31 31 31 31 31 31 15 0 29 31 15 0 0 0 0 0 0 0 0 0 0 0 0 0 0 0 0 0 0 0 0 0 0 0 0 0 0 0 0 0 0 0 0 0 0 0 0 0 0 0 0 0 0 0 0 0 0 0 0 0 0 0 0 0 0 0 0 0 0 0 0 0 0 0 0 0 0 0 0 0 0 0 0 0 0 0 0 0 0 0 0 0 0 0 0 0 0 0 0 0 0 0 0 0 0 0 0 0 0 0 0 0 0 0 0 0 0 0 0 0 0 0 0 0 0 0 0 0 0 0 0 0 0 0 0 0 0 0 0 0 0 0 0 0 29 31 31 31 31 31 31 31 31 15 0 21 23 23 23 31 31 31 23 23 23 7 0 29 31 31 31 31 31 31 15 0 0 0 0 0 0
0 0 0 0 0 0 0 29 31 31 31 31 31 31 31 31 31 31 31 31 31 31 31 31 31 15 0 29 31 31 27 27 27 27 27 27 27 11 0 0 0 0 0 0 0 0 0 0 0 0 0 0 0 0 0 0 0 0 0 0 0 0 0 0 0 0 0 0 0 0 0 0 0 0 0 0 0 0 0 0 0 0 0 0 0 0 0 0 0 0 0 0 0 0 0 0 0 0 0 0 0 0 0 0 0 0 0 0 0 0 0 0 0 0 0 0 0 0 0 0 0 0 0 0 0 0 0 0 0 0 0 0 0 0 0 0 0 0 0 0 0 0 0 0 0 0 0 0 0 0 0 0 0 0 0 0 0 0 0 0 0 0 0 29 31 31 31 31 31 31 31 31 15 0 0 0 0 0 29 31 15 0 0 0 0 0 29 31 31 31 31 31 31 15 0 0 0 0 0 0
0 0 0 0 0 0 0 29 31 31 31 31 31 31 31 31 31 31 31 31 31 31 31 31 31 15 0 29 31 31 31 31 31 31 31 31 31 15 0 0 0 0 0 0 0 0 0 0 0 0 0 0 0 0 0 0 0 0 0 0 0 0 0 0 0 0 0 0 0 0 0 0 0 0 0 0 0 0 0 0 0 0 0 0 0 0 0 0 0 0 0 0 0 0 0 0 0 0 0 0 0 0 0 0 0 0 0 0 0 0 0 0 0 0 0 0 0 0 0 0 0 0 0 0 0 0 0 0 0 0 0 0 0 0 0 0 0 0 0 0 0 0 0 0 0 0 0 0 0 0 0 0 0 0 0 0 0 0 0 0 0 0 0 29 31 31 31 31 31 31 31 31 31 27 27 27 27 27 31 31 31 27 27 27 27 27 31 31 31 31 31 31 31 15 0 0 0 0 0 0
0 0 0 0 0 0 0 29 31 31 31 31 31 31 31 31 31 31 31 31 31 31 31 31 31 15 0 29 31 31 31 31 31 31 31 31 31 15 0 0 0 0 0 0 0 0 0 0 0 0 0 0 0 0 0 0 0 0 0 0 0 0 0 0 0 0 0 0 0 0 0 0 0 0 0 0 0 0 0 0 0 0 0 0 0 0 0 0 0 0 0 0 0 0 0 0 0 0 0 0 0 0 0 0 0 0 0 0 0 0 0 0 0 0 0 0 0 0 0 0 0 0 0 0 0 0 0 0 0 0 0 0 0 0 0 0 0 0 0 0 0 0 0 0 0 0 0 0 0 0 0 0 0 0 0 0 0 0 0 0 0 0 0 29 31 31 31 31 31 31 31 31 31 31 31 31 31 31 31 31 31 31 31 31 31 31 31 31 31 31 31 31 31 15 0 0 0 0 0 0
0 0 0 0 0 0 0 29 31 31 31 31 31 31 31 31 31 31 31 31 31 31 31 31 31 15 0 29 31 31 31 31 31 31 31 31 31 15 0 0 0 0 0 0 0 0 0 0 0 0 0 0 0 0 0 0 0 0 0 0 0 0 0 0 0 0 0 0 0 0 0 0 0 0 0 0 0 0 0 0 0 0 0 0 0 0 0 0 0 0 0 0 0 0 0 0 0 0 0 0 0 0 0 0 0 0 0 0 0 0 0 0 0 0 0 0 0 0 0 0 0 0 0 0 0 0 0 0 0 0 0 0 0 0 0 0 0 0 0 0 0 0 0 0 0 0 0 0 0 0 0 0 0 0 0 0 0 0 0 0 0 0 0 29 31 31 31 31 31 31 31 31 31 31 31 31 23 31 31 31 31 23 31 31 31 31 31 31 31 31 31 31 31 15 0 0 0 0 0 0
0 0 0 0 0 0 0 29 31 31 31 31 31 31 31 31 31 31 31 31 31 31 31 31 31 15 0 29 31 31 31 31 31 31 31 31 31 15 0 0 0 0 0 0 0 0 0 0 0 0 0 0 0 0 0 0 0 0 0 0 0 0 0 0 0 0 0 0 0 0 0 0 0 0 0 0 0 0 0 0 0 0 0 0 0 0 0 0 0 0 0 0 0 0 0 0 0 0 0 0 0 0 0 0 0 0 0 0 0 0 0 0 0 0 0 0 0 0 0 0 0 0 0 0 0 0 0 0 0 0 0 0 0 0 0 0 0 0 0 0 0 0 0 0 0 0 0 0 0 0 0 0 0 0 0 0 0 0 0 0 0 0 0 21 23 23 23 23 23 23 23 23 23 23 23 7 0 29 31 31 15 0 21 23 23 23 23 23 23 23 23 23 23 7 0 0 0 0 0 0
0 0 0 0 0 0 0 29 31 31 31 31 31 31 31 31 31 31 31 31 31 31 31 31 31 15 0 29 31 31 31 31 31 31 31 31 31 15 0 0 0 0 0 0 0 0 0 0 0 0 0 0 0 0 0 0 0 0 0 0 0 0 0 0 0 0 0 0 0 0 0 0 0 0 0 0 0 0 0 0 0 0 0 0 0 0 0 0 0 0 0 0 0 0 0 0 0 0 0 0 0 0 0 0 0 0 0 0 0 0 0 0 0 0 0 0 0 0 0 0 0 0 0 0 0 0 0 0 0 0 0 0 0 0 0 0 0 0 0 0 0 0 0 0 0 0 0 0 0 0 0 0 0 0 0 0 0 0 0 0 0 0 0 0 0 0 0 0 0 0 0 0 0 0 0 0 0 29 31 31 15 0 0 0 0 0 0 0 0 0 0 0 0 0 0 0 0 0 0 0
0 0 0 0 0 0 0 29 31 31 31 31 31 31 31 31 31 31 31 31 31 31 31 31 31 15 0 29 31 31 31 31 31 31 31 31 31 15 0 0 0 0 0 0 0 0 0 0 0 0 0 0 0 0 0 0 0 0 0 0 0 0 0 0 0 0 0 0 0 0 0 0 0 0 0 0 0 0 0 0 0 0 0 0 0 0 0 0 0 0 0 0 0 0 0 0 0 0 0 0 0 0 0 0 0 0 0 0 0 0 0 0 0 0 0 0 0 0 0 0 0 0 0 0 0 0 0 0 0 0 0 0 0 0 0 0 0 0 0 0 0 0 0 0 0 0 0 0 0 0 0 0 0 0 0 0 0 0 0 0 0 0 0 25 27 27 27 27 27 27 27 27 27 27 27 11 0 29 31 31 31 27 27 27 27 27 27 27 27 27 27 27 27 11 0 0 0 0 0 0
0 0 0 0 0 0 0 29 31 31 31 31 31 31 31 31 31 31 31 31 31 31 31 31 31 15 0 29 31 31 31 31 31 31 31 31 31 15 0 0 0 0 0 0 0 0 0 0 0 0 0 0 0 0 0 0 0 0 0 0 0 0 0 0 0 0 0 0 0 0 0 0 0 0 0 0 0 0 0 0 0 0 0 0 0 0 0 0 0 0 0 0 0 0 0 0 0 0 0 0 0 0 0 0 0 0 0 0 0 0 0 0 0 0 0 0 0 0 0 0 0 0 0 0 0 0 0 0 0 0 0 0 0 0 0 0 0 0 0 0 0 0 0 0 0 0 0 0 0 0 0 0 0 0 0 0 0 0 0 0 0 0 0 29 31 31 31 31 31 31 31 31 31 31 31 15 0 29 31 31 31 31 31 31 31 31 31 31 31 31 31 31 31 15 0 0 0 0 0 0
0 0 0 0 0 0 0 29 31 31 31 31 31 31 31 31 31 31 31 31 31 31 31 31 31 15 0 29 31 31 31 31 31 31 31 31 31 15 0 0 0 0 0 0 0 0 0 0 0 0 0 0 0 0 0 0 0 0 0 0 0 0 0 0 0 0 0 0 0 0 0 0 0 0 0 0 0 0 0 0 0 0 0 0 0 0 0 0 0 0 0 0 0 0 0 0 0 0 0 0 0 0 0 0 0 0 0 0 0 0 0 0 0 0 0 0 0 0 0 0 0 0 0 0 0 0 0 0 0 0 0 0 0 0 0 0 0 0 0 0 0 0 0 0 0 0 0 0 0 0 0 0 0 0 0 0 0 0 0 0 0 0 0 29 31 31 31 31 31 31 31 31 31 31 31 15 0 29 31 31 31 23 31 31 31 31 31 31 31 31 31 31 31 15 0 0 0 0 0 0
0 0 0 0 0 0 0 29 31 31 31 31 31 31 31 31 31 31 31 31 31 31 31 31 31 15 0 29 31 31 31 31 31 31 31 31 31 15 0 0 0 0 0 0 0 0 0 0 0 0 0 0 0 0 0 0 0 0 0 0 0 0 0 0 0 0 0 0 0 0 0 0 0 0 0 0 0 0 0 0 0 0 0 0 0 0 0 0 0 0 0 0 0 0 0 0 0 0 0 0 0 0 0 0 0 0 0 0 0 0 0 0 0 0 0 0 0 0 0 0 0 0 0 0 0 0 0 0 0 0 0 0 0 0 0 0 0 0 0 0 0 0 0 0 0 0 0 0 0 0 0 0 0 0 0 0 0 0 0 0 0 0 0 29 31 31 31 31 31 31 31 31 31 31 31 31 27 31 31 31 15 0 29 31 31 31 31 31 31 31 31 31 31 15 0 0 0 0 0 0
0 0 0 0 0 0 0 29 31 31 31 31 31 31 31 31 31 31 31 31 31 31 31 31 31 15 0 29 31 31 31 31 31 31 31 31 31 15 0 0 0 0 0 0 0 0 0 0 0 0 0 0 0 0 0 0 0 0 0 0 0 0 0 0 0 0 0 0 0 0 0 0 0 0 0 0 0 0 0 0 0 0 25 27 27 27 27 27 27 27 27 27 27 11 0 25 27 27 27 27 27 27 27 27 11 0 25 27 27 27 27 27 27 27 27 27 27 27 27 11 0 0 0 0 0 0 0 0 0 0 0 0 0 0 0 0 0 0 0 0 0 0 0 0 0 0 0 0 0 0 0 0 0 0 0 0 0 0 0 0 0 0 0 29 31 31 31 31 31 31 31 31 31 31 31 31 31 31 31 31 15 0 29 31 31 31 31 31 31 31 31 31 31 15 0 0 0 0 0 0
0 0 0 0 0 0 0 29 31 31 31 31 31 31 31 31 31 31 31 31 31 31 31 31 31 15 0 29 31 31 31 31 31 31 31 31 31 15 0 0 0 0 0 0 0 0 0 0 0 0 0 0 0 0 0 0 0 0 0 0 0 0 0 0 0 0 0 0 0 0 0 0 0 0 0 0 0 0 0 0 0 0 29 31 31 31 31 31 31 31 31 31 31 15 0 29 31 31 31 31 31 31 31 31 15 0 29 31 31 31 31 31 31 31 31 31 31 31 31 15 0 0 0 0 0 0 0 0 0 0 0 0 0 0 0 0 0 0 0 0 0 0 0 0 0 0 0 0 0 0 0 0 0 0 0 0 0 0 0 0 0 0 0 21 23 23 23 23 23 23 23 23 23 23 23 23 23 31 31 31 15 0 21 23 23 23 23 23 23 23 23 23 23 7 0 0 0 0 0 0
0 0 0 0 0 0 0 29 31 31 31 31 31 31 31 31 31 31 31 31 31 31 31 31 31 15 0 29 31 31 31 31 31 31 31 31 31 15 0 0 0 0 0 0 0 0 0 0 0 0 0 0 0 0 0 0 0 0 0 0 0 0 0 0 0 0 0 0 0 0 0 0 0 0 0 0 0 0 0 0 0 0 29 31 31 31 31 31 31 31 31 31 31 15 0 29 31 31 31 31 31 31 31 31 15 0 29 31 31 31 31 31 31 31 31 31 31 31 31 15 0 0 0 0 0 0 0 0 0 0 0 0 0 0 0 0 0 0 0 0 0 0 0 0 0 0 0 0 0 0 0 0 0 0 0 0 0 0 0 0 0 0 0 0 0 0 0 0 0 0 0 0 0 0 0 0 0 29 31 31 15 0 0 0 0 0 0 0 0 0 0 0 0 0 0 0 0 0 0 0
0 0 0 0 0 0 0 29 31 31 31 31 31 31 31 31 31 31 31 31 31 31 31 31 31 15 0 29 31 31 31 31 31 31 31 31 31 15 0 0 0 0 0 0 0 0 0 0 0 0 0 0 0 0 0 0 0 0 0 0 0 0 0 0 0 0 0 0 0 0 0 0 0 0 0 0 0 0 0 0 0 0 29 31 31 31 31 31 31 31 31 31 31 15 0 29 31 31 31 31 31 31 31 31 15 0 29 31 31 31 31 31 31 31 31 31 31 31 31 15 0 0 0 0 0 0 0 0 0 0 0 0 0 0 0 0 0 0 0 0 0 0 0 0 0 0 0 0 0 0 0 0 0 0 0 0 0 0 0 0 0 0 0 25 27 27 27 27 27 27 27 27 27 27 27 11 0 29 31 31 31 27 27 27 27 27 27 27 27 27 27 27 27 11 0 0 0 0 0 0
0 0 0 0 0 0 0 29 31 31 31 31 31 31 31 31 31 31 31 31 31 31 31 31 31 15 0 29 31 31 31 31 31 31 31 31 31 15 0 0 0 0 0 0 0 0 0 0 0 0 0 0 0 0 0 0 0 0 0 0 0 0 0 0 0 0 0 0 0 0 0 0 0 0 0 0 0 0 0 0 0 0 29 31 31 31 31 31 31 31 31 31 31 15 0 29 31 31 31 31 31 31 31 31 15 0 29 31 31 31 31 31 31 31 31 31 31 31 31 15 0 0 0 0 0 0 0 0 0 0 0 0 0 0 0 0 0 0 0 0 0 0 0 0 0 0 0 0 0 0 0 0 0 0 0 0 0 0 0 0 0 0 0 29 31 31 31 31 31 31 31 31 31 31 31 15 0 29 31 31 31 31 31 31 31 31 31 31 31 31 31 31 31 15 0 0 0 0 0 0
0 0 0 0 0 0 0 29 31 31 31 31 31 31 31 31 31 31 31 31 31 31 31 31 31 15 0 29 31 31 31 31 31 31 31 31 31 15 0 0 0 0 0 0 0 0 0 0 0 0 0 0 0 0 0 0 0 0 0 0 0 0 0 0 0 0 0 0 0 0 0 0 0 0 0 0 0 0 0 0 0 0 29 31 31 31 31 31 31 31 31 31 31 15 0 29 31 31 31 31 31 31 31 31 15 0 29 31 31 31 31 31 31 31 31 31 31 31 31 15 0 0 0 0 0 0 0 0 0 0 0 0 0 0 0 0 0 0 0 0 0 0 0 0 0 0 0 0 0 0 0 0 0 0 0 0 0 0 0 0 0 0 0 29 31 31 31 31 31 31 31 31 31 31 31 15 0 29 31 31 31 23 31 31 31 31 31 31 31 31 31 31 31 15 0 0 0 0 0 0
0 0 0 0 0 0 0 29 31 31 31 31 31 31 31 31 31 31 31 31 31 31 31 31 31 15 0 29 31 31 31 31 31 31 31 31 31 15 0 0 0 0 0 0 0 0 0 0 0 0 0 0 0 0 0 0 0 0 0 0 0 0 0 0 0 0 0 0 0 0 0 0 0 0 0 0 0 0 0 0 0 0 29 31 31 31 31 31 31 31 31 31 31 15 0 29 31 31 31 31 31 31 31 31 15 0 29 31 31 31 31 31 31 31 31 31 31 31 31 15 0 0 0 0 0 0 0 0 0 0 0 0 0 0 0 0 0 0 0 0 0 0 0 0 0 0 0 0 0 0 0 0 0 0 0 0 0 0 0 0 0 0 0 29 31 31 31 31 31 31 31 31 31 31 31 15 0 29 31 31 15 0 29 31 31 31 31 31 31 31 31 31 31 15 0 0 0 0 0 0
0 0 0 0 0 0 0 29 31 31 31 31 31 31 31 31 31 31 31 31 31 31 31 31 31 15 0 29 31 31 31 31 31 31 31 31 31 15 0 0 0 0 0 0 0 0 0 0 0 0 0 0 0 0 0 0 0 0 0 0 0 0 0 0 0 0 0 0 0 0 0 0 0 0 0 0 0 0 0 0 0 0 29 31 31 31 31 31 31 31 31 31 31 15 0 29 31 31 31 31 31 31 31 31 15 0 29 31 31 31 31 31 31 31 31 31 31 31 31 15 0 0 0 0 0 0 0 0 0 0 0 0 0 0 0 0 0 0 0 0 0 0 0 0 0 0 0 0 0 0 0 0 0 0 0 0 0 0 0 0 0 0 0 29 31 31 31 31 31 31 31 31 31 31 31 15 0 29 31 31 15 0 29 31 31 31 31 31 31 31 31 31 31 7 0 0 0 0 0 0
0 0 0 0 0 0 0 21 31 31 31 31 31 31 31 31 31 31 31 31 31 31 31 31 31 15 0 29 31 31 31 31 31 31 31 31 31 15 0 0 0 0 0 0 0 0 0 0 0 0 0 0 0 0 0 0 0 0 0 0 0 0 0 0 0 0 0 0 0 0 0 0 0 0 0 0 0 0 0 0 0 0 29 31 31 31 31 31 31 31 31 31 31 15 0 29 31 31 31 31 31 31 31 31 15 0 29 31 31 31 31 31 31 31 31 31 31 31 31 15 0 0 0 0 0 0 0 0 0 0 0 0 0 0 0 0 0 0 0 0 0 0 0 0 0 0 0 0 0 0 0 0 0 0 0 0 0 0 0 0 0 0 0 29 31 31 31 31 31 31 31 31 31 31 31 15 0 29 31 31 15 0 29 31 31 31 31 31 31 31 31 31 15 0 0 0 0 0 0 0
0 0 0 0 0 0 0 0 29 31 31 31 31 31 31 31 31 31 31 31 31 31 31 31 31 15 0 29 31 31 31 31 31 31 31 31 31 15 0 0 0 0 0 0 0 0 0 0 0 0 0 0 0 0 0 0 0 0 0 0 0 0 0 0 0 0 0 0 0 0 0 0 0 0 0 0 0 0 0 0 0 0 29 31 31 31 31 31 31 31 31 31 31 15 0 29 31 31 31 31 31 31 31 31 15 0 29 31 31 31 31 31 31 31 31 31 31 31 31 15 0 0 0 0 0 0 0 0 0 0 0 0 0 0 0 0 0 0 0 0 0 0 0 0 0 0 0 0 0 0 0 0 0 0 0 0 0 0 0 0 0 0 0 29 31 31 31 31 31 31 31 31 31 31 31 31 27 31 31 31 15 0 29 31 31 31 31 31 31 31 31 31 15 0 0 0 0 0 0 0
0 0 0 0 0 0 0 0 29 31 31 31 31 31 31 31 31 31 31 31 31 31 31 31 31 15 0 29 31 31 31 31 31 31 31 31 31 15 0 0 0 0 25 27 27 27 27 27 27 27 27 27 11 0 25 27 27 27 27 27 27 27 27 27 27 11 0 25 27 27 27 27 27 27 27 27 11 0 0 0 0 0 29 31 31 31 31 31 31 31 31 31 31 15 0 29 31 31 31 31 31 31 31 31 15 0 29 31 31 31 31 31 31 31 31 31 31 31 31 15 0 0 0 0 25 27 27 27 27 27 27 27 27 11 0 25 27 27 27 27 27 27 27 27 27 27 11 0 25 27 27 27 27 27 27 27 27 27 11 0 0 0 0 29 31 31 31 31 31 31 31 31 31 31 31 31 31 31 31 31 15 0 21 23 23 23 23 23 23 23 23 23 7 0 0 0 0 0 0 0
0 0 0 0 0 0 0 0 29 31 31 31 31 31 31 31 31 31 31 31 31 31 31 31 31 15 0 29 31 31 31 31 31 31 31 31 31 15 0 0 0 0 29 31 31 31 31 31 31 31 31 31 15 0 29 31 31 31 31 31 31 31 31 31 31 15 0 29 31 31 31 31 31 31 31 31 15 0 0 0 0 0 29 31 31 31 31 31 31 31 31 31 31 15 0 29 31 31 31 31 31 31 31 31 15 0 29 31 31 31 31 31 31 31 31 31 31 31 31 15 0 0 0 0 29 31 31 31 31 31 31 31 31 15 0 29 31 31 31 31 31 31 31 31 31 31 15 0 29 31 31 31 31 31 31 31 31 31 15 0 0 0 0 21 23 23 23 23 23 23 23 23 23 23 23 23 23 31 31 31 15 0 0 0 0 0 0 0 0 0 0 0 0 0 0 0 0 0 0 0
0 0 0 0 0 0 0 25 31 31 31 31 31 31 31 31 31 31 31 31 31 31 31 31 31 15 0 29 31 31 31 31 31 31 31 31 31 15 0 0 0 0 29 31 31 31 31 31 31 31 31 31 15 0 29 31 31 31 31 31 31 31 31 31 31 15 0 29 31 31 31 31 31 31 31 31 15 0 0 0 0 0 29 31 31 31 31 31 31 31 31 31 31 15 0 29 31 31 31 31 31 31 31 31 15 0 29 31 31 31 31 31 31 31 31 31 31 31 31 15 0 0 0 0 29 31 31 31 31 31 31 31 31 15 0 29 31 31 31 31 31 31 31 31 31 31 15 0 29 31 31 31 31 31 31 31 31 31 15 0 0 0 0 0 0 0 0 0 0 0 0 0 0 0 0 0 0 29 31 31 15 0 25 27 27 27 27 27 27 27 27 27 11 0 0 0 0 0 0 0
0 0 0 0 0 0 0 29 31 31 31 31 31 31 31 31 31 31 31 31 31 31 31 31 31 15 0 29 31 31 23 23 23 23 23 23 23 7 0 0 0 0 29 31 31 31 31 31 31 31 31 31 15 0 29 31 31 31 31 31 31 31 31 31 31 15 0 29 31 31 31 31 31 31 31 31 15 0 0 0 0 0 29 31 31 31 31 31 31 31 31 31 31 15 0 29 31 31 31 31 31 31 31 31 15 0 29 31 31 31 31 31 31 31 31 31 31 31 31 15 0 0 0 0 29 31 31 31 31 31 31 31 31 15 0 29 31 31 31 31 31 31 31 31 31 31 15 0 29 31 31 31 31 31 31 31 31 31 15 0 0 0 0 25 27 27 27 27 27 27 27 27 27 27 27 11 0 29 31 31 15 0 29 31 31 31 31 31 31 31 31 31 31 11 0 0 0 0 0 0
0 0 0 0 0 0 0 29 31 31 31 31 31 31 31 31 31 31 31 31 31 31 31 31 31 15 0 29 31 15 0 0 0 0 0 0 0 0 0 0 0 0 29 31 31 31 31 31 31 31 31 31 15 0 29 31 31 31 31 31 31 31 31 31 31 15 0 29 31 31 31 31 31 31 31 31 15 0 0 0 0 0 29 31 31 31 31 31 31 31 31 31 31 15 0 29 31 31 31 31 31 31 31 31 15 0 29 31 31 31 31 31 31 31 31 31 31 31 31 15 0 0 0 0 29 31 31 31 31 31 31 31 31 15 0 29 31 31 31 31 31 31 31 31 31 31 15 0 29 31 31 31 31 31 31 31 31 31 15 0 0 0 0 29 31 31 31 31 31 31 31 31 31 31 31 31 27 31 31 31 15 0 29 31 31 31 31 31 31 31 31 31 31 15 0 0 0 0 0 0
0 0 0 0 0 0 0 29 31 31 31 31 31 31 31 31 31 31 31 31 31 31 31 31 31 31 27 31 31 15 0 0 0 0 0 0 0 0 0 0 0 0 29 31 31 31 31 31 31 31 31 31 15 0 29 31 31 31 31 31 31 31 31 31 31 15 0 29 31 31 31 31 31 31 31 31 15 0 0 0 0 0 29 31 31 31 31 31 31 31 31 31 31 15 0 29 31 31 31 31 31 31 31 31 15 0 29 31 31 31 31 31 31 31 31 31 31 31 31 15 0 0 0 0 29 31 31 31 31 31 31 31 31 15 0 29 31 31 31 31 31 31 31 31 31 31 15 0 29 31 31 31 31 31 31 31 31 31 15 0 0 0 0 29 31 31 31 31 31 31 31 31 31 31 31 31 31 31 31 31 15 0 29 31 31 31 31 31 31 31 31 31 31 15 0 0 0 0 0 0
0 0 0 0 0 0 0 29 31 31 31 31 31 31 31 31 31 31 31 31 31 31 31 31 31 31 31 31 31 15 0 25 27 27 27 27 27 27 11 0 0 0 29 31 31 31 31 31 31 31 31 31 15 0 29 31 31 31 31 31 31 31 31 31 31 15 0 29 31 31 31 31 31 31 31 31 15 0 0 0 0 0 29 31 31 31 31 31 31 31 31 31 31 15 0 29 31 31 31 31 31 31 31 31 15 0 29 31 31 31 31 31 31 31 31 31 31 31 31 15 0 0 0 0 29 31 31 31 31 31 31 31 31 15 0 29 31 31 31 31 31 31 31 31 31 31 15 0 29 31 31 31 31 31 31 31 31 31 15 0 0 0 0 29 31 31 31 31 31 31 31 31 31 31 31 31 23 31 31 31 15 0 29 31 31 31 31 31 31 31 31 31 31 15 0 0 0 0 0 0
0 0 0 0 0 0 0 29 31 31 31 31 31 31 31 31 31 31 31 31 31 31 31 31 31 31 31 31 31 15 0 29 31 31 31 31 31 31 15 0 0 0 29 31 31 31 31 31 31 31 31 31 15 0 29 31 31 31 31 31 31 31 31 31 31 15 0 29 31 31 31 31 31 31 31 31 15 0 0 0 0 0 29 31 31 31 31 31 31 31 31 31 31 15 0 29 31 31 31 31 31 31 31 31 15 0 29 31 31 31 31 31 31 31 31 31 31 31 31 15 0 0 0 0 29 31 31 31 31 31 31 31 31 15 0 29 31 31 31 31 31 31 31 31 31 31 15 0 29 31 31 31 31 31 31 31 31 31 15 0 0 0 0 29 31 31 31 31 31 31 31 31 31 31 31 15 0 29 31 31 31 27 31 31 31 31 31 31 31 31 31 31 31 15 0 0 0 0 0 0
0 0 0 0 0 0 0 29 31 31 31 31 31 31 31 31 31 31 31 31 31 31 31 31 31 31 31 31 31 15 0 21 23 23 23 23 31 31 15 0 0 0 29 31 31 31 31 31 31 31 31 31 15 0 29 31 31 31 31 31 31 31 31 31 31 15 0 29 31 31 31 31 31 31 31 31 15 0 0 0 0 0 29 31 31 31 31 31 31 31 31 31 31 15 0 29 31 31 31 31 31 31 31 31 15 0 29 31 31 31 31 31 31 31 31 31 31 31 31 15 0 0 0 0 29 31 31 31 31 31 31 31 31 15 0 29 31 31 31 31 31 31 31 31 31 31 15 0 29 31 31 31 31 31 31 31 31 31 15 0 0 0 0 29 31 31 31 31 31 31 31 31 31 31 31 15 0 29 31 31 31 31 31 31 31 31 31 31 31 31 31 31 31 15 0 0 0 0 0 0
0 0 0 0 0 0 0 29 31 31 31 31 31 31 31 31 31 31 31 31 31 31 31 31 31 31 31 31 31 15 0 0 0 0 0 0 29 31 15 0 0 0 29 31 31 31 31 31 31 31 31 31 15 0 29 31 31 31 31 31 31 31 31 31 31 15 0 29 31 31 31 31 31 31 31 31 15 0 0 0 0 0 29 31 31 31 31 31 31 31 31 31 31 15 0 29 31 31 31 31 31 31 31 31 15 0 29 31 31 31 31 31 31 31 31 31 31 31 31 15 0 0 0 0 29 31 31 31 31 31 31 31 31 15 0 29 31 31 31 31 31 31 31 31 31 31 15 0 29 31 31 31 31 31 31 31 31 31 15 0 0 0 0 29 31 31 31 31 31 31 31 31 31 31 31 15 0 29 31 31 31 23 31 31 31 31 31 31 31 31 31 31 31 15 0 0 0 0 0 0
0 0 0 0 0 0 0 29 31 31 31 31 31 31 31 31 31 31 31 31 31 31 31 31 31 31 31 31 31 15 0 25 27 27 11 0 29 31 15 0 0 0 29 31 31 31 31 31 31 31 31 31 15 0 29 31 31 31 31 31 31 31 31 31 31 15 0 29 31 31 31 31 31 31 31 31 15 0 0 0 0 0 29 31 31 31 31 31 31 31 31 31 31 15 0 29 31 31 31 31 31 31 31 31 15 0 29 31 31 31 31 31 31 31 31 31 31 31 31 15 0 25 27 27 31 31 31 31 31 31 31 31 31 15 0 29 31 31 31 31 31 31 31 31 31 31 15 0 29 31 31 31 31 31 31 31 31 31 15 0 0 0 0 29 31 31 31 31 31 31 31 31 31 31 31 15 0 29 31 31 15 0 29 31 31 31 31 31 31 31 31 31 31 15 0 0 0 0 0 0
0 0 0 0 0 0 0 29 31 31 31 31 31 31 31 31 31 31 31 31 31 31 31 31 31 31 31 31 31 15 0 29 31 31 15 0 29 31 15 0 0 0 29 31 31 31 31 31 31 31 31 31 15 0 29 31 31 31 31 31 31 31 31 31 31 15 0 29 31 31 31 31 31 31 31 31 15 0 0 0 0 0 29 31 31 31 31 31 31 31 31 31 31 15 0 29 31 31 31 31 31 31 31 31 15 0 29 31 31 31 31 31 31 31 31 31 31 31 31 15 0 29 31 31 31 31 31 31 31 31 31 31 31 15 0 29 31 31 31 31 31 31 31 31 31 31 15 0 29 31 31 31 31 31 31 31 31 31 15 0 0 0 0 29 31 31 31 31 31 31 31 31 31 31 31 15 0 29 31 31 15 0 29 31 31 31 31 31 31 31 31 31 31 15 0 0 0 0 0 0
0 0 0 0 0 0 0 29 31 31 31 31 31 31 31 31 31 31 31 31 31 31 31 31 31 31 31 31 31 15 0 29 31 31 15 0 29 31 15 0 0 0 29 31 31 31 31 31 31 31 31 31 15 0 29 31 31 31 31 31 31 31 31 31 31 15 0 29 31 31 31 31 31 31 31 31 15 0 0 0 0 0 29 31 31 31 31 31 31 31 31 31 31 15 0 29 31 31 31 31 31 31 31 31 15 0 29 31 31 31 31 31 31 31 31 31 31 31 31 15 0 29 31 31 31 31 31 31 31 31 31 31 31 15 0 29 31 31 31 31 31 31 31 31 31 31 15 0 29 31 31 31 31 31 31 31 31 31 15 0 0 0 0 29 31 31 31 31 31 31 31 31 31 31 31 15 0 29 31 31 15 0 29 31 31 31 31 31 31 31 31 31 31 15 0 0 0 0 0 0
0 0 0 0 0 0 0 21 23 23 23 23 23 23 23 23 23 23 31 31 31 23 23 23 23 23 23 23 23 7 0 21 31 31 15 0 29 31 15 0 0 0 21 23 23 23 31 31 31 23 23 23 7 0 21 23 23 23 23 31 31 31 23 23 23 7 0 21 23 23 23 31 31 31 23 23 7 0 0 0 0 0 21 23 23 23 23 23 23 31 31 31 23 7 0 21 23 31 31 31 23 23 23 23 7 0 21 23 23 23 31 31 31 23 23 23 23 23 23 7 0 21 23 23 23 23 23 31 31 31 23 23 23 7 0 21 23 23 23 23 23 23 23 31 31 31 7 0 21 23 23 23 31 31 31 23 23 23 7 0 0 0 0 21 23 23 23 23 23 23 23 23 23 23 23 7 0 29 31 31 15 0 29 31 31 31 31 31 31 31 31 31 31 15 0 0 0 0 0 0
0 0 0 0 0 0 0 0 0 0 0 0 0 0 0 0 0 0 29 31 15 0 0 0 0 0 0 0 0 0 0 0 29 31 15 0 29 31 15 0 0 0 0 0 0 0 29 31 15 0 0 0 0 0 0 0 0 0 0 29 31 15 0 0 0 0 0 0 0 0 0 29 31 15 0 0 0 0 0 0 0 0 0 0 0 0 0 0 0 29 31 15 0 0 0 0 0 29 31 15 0 0 0 0 0 0 0 0 0 0 29 31 15 0 0 0 0 0 0 0 0 0 0 0 0 0 0 29 31 15 0 0 0 0 0 0 0 0 0 0 0 0 0 29 31 15 0 0 0 0 0 0 29 31 15 0 0 0 0 0 0 0 0 0 0 0 0 0 0 0 0 0 0 0 0 0 0 29 31 31 15 0 29 31 31 31 31 31 31 31 31 31 31 15 0 0 0 0 0 0
0 0 0 0 0 0 0 25 27 27 27 11 0 25 27 27 27 27 31 31 31 27 27 27 27 11 0 0 0 25 27 27 31 31 31 27 31 31 31 11 0 25 27 27 27 27 31 31 31 27 27 27 27 27 27 27 27 27 27 31 31 31 27 27 27 27 27 27 27 27 27 31 31 31 27 27 27 27 27 27 27 27 27 27 27 27 27 27 27 31 31 31 27 27 27 27 27 31 31 31 27 27 27 27 27 27 27 27 27 27 31 31 31 27 27 27 27 27 27 27 27 27 27 27 27 27 27 31 31 31 27 27 27 27 27 27 27 27 27 27 27 27 27 31 31 31 27 27 27 27 27 27 31 31 31 27 27 27 27 27 27 27 27 27 27 27 27 27 27 27 27 27 27 27 27 27 27 31 31 31 15 0 21 23 23 23 23 23 23 23 23 23 23 7 0 0 0 0 0 0
0 0 0 0 0 0 0 29 31 31 31 31 27 31 31 31 31 31 31 31 31 31 31 31 31 31 27 27 27 31 31 31 31 31 31 31 31 31 31 31 27 31 31 31 31 31 31 31 31 31 31 31 31 31 31 31 31 31 31 31 31 31 31 31 31 31 31 31 31 31 31 31 31 31 31 31 31 31 31 31 31 31 31 31 31 31 31 31 31 31 31 31 31 31 31 31 31 31 31 31 31 31 31 31 31 31 31 31 31 31 31 31 31 31 31 31 31 31 31 31 31 31 31 31 31 31 31 31 31 31 31 31 31 31 31 31 31 31 31 31 31 31 31 31 31 31 31 31 31 31 31 31 31 31 31 31 31 31 31 31 31 31 31 31 31 31 31 31 31 31 31 31 31 31 31 31 31 31 31 31 15 0 0 0 0 0 0 0 0 0 0 0 0 0 0 0 0 0 0 0
0 0 0 0 0 0 0 29 31 31 31 31 31 31 31 31 31 31 31 31 31 31 31 31 31 31 31 31 31 31 31 31 31 31 31 31 31 31 31 31 31 31 31 31 31 31 31 31 31 31 31 31 31 31 31 31 31 31 31 31 31 31 31 31 31 31 31 31 31 31 31 31 31 31 31 31 31 31 31 31 31 31 31 31 31 31 31 31 31 31 31 31 31 31 31 31 31 31 31 31 31 31 31 31 31 31 31 31 31 31 31 31 31 31 31 31 31 31 31 31 31 31 31 31 31 31 31 31 31 31 31 31 31 31 31 31 31 31 31 31 31 31 31 31 31 31 31 31 31 31 31 31 31 31 31 31 31 31 31 31 31 31 31 31 31 31 31 31 31 31 31 31 31 31 31 31 31 31 31 31 31 27 27 27 27 27 27 27 27 27 27 27 27 27 11 0 0 0 0 0
0 0 0 0 0 0 0 29 31 31 31 31 31 31 31 31 31 31 31 31 31 31 31 31 31 31 31 31 31 31 31 31 31 31 31 31 31 31 31 31 31 31 31 31 31 31 31 31 31 31 31 31 31 23 23 23 23 23 23 23 31 31 31 31 31 31 31 31 31 31 31 31 31 31 31 31 31 31 31 31 31 31 31 31 31 31 31 31 31 31 31 31 31 31 31 31 31 31 31 31 31 31 31 31 31 31 31 31 31 31 31 31 31 31 31 31 31 31 31 31 31 31 31 31 31 31 31 31 31 31 31 31 31 31 23 23 23 23 23 23 23 23 23 23 23 23 23 23 31 31 31 31 31 31 31 31 31 31 31 31 31 31 31 31 31 31 31 23 23 23 23 23 23 23 23 31 31 31 31 31 31 31 31 31 31 31 31 31 31 31 31 31 31 31 15 0 0 0 0 0
0 0 0 0 0 0 0 29 31 31 31 31 31 31 31 31 31 31 31 31 31 31 31 31 31 31 31 31 31 31 31 31 31 31 31 31 31 31 31 31 31 31 31 31 31 31 31 31 31 31 31 31 15 0 0 0 0 0 0 0 29 31 31 31 31 31 31 31 31 31 31 31 31 31 31 31 31 31 31 31 31 31 31 31 31 31 31 31 31 31 31 31 31 31 31 31 31 31 31 31 31 31 31 31 31 31 31 31 31 31 31 31 31 31 31 31 31 31 31 31 31 31 31 31 31 31 31 31 31 31 31 31 31 15 0 0 0 0 0 0 0 0 0 0 0 0 0 0 29 31 31 31 31 31 31 31 31 31 31 31 31 31 31 31 31 31 15 0 0 0 0 0 0 0 0 29 31 31 31 31 31 31 31 31 31 31 31 31 31 31 31 31 31 31 7 0 0 0 0 0
0 0 0 0 0 0 0 29 31 31 31 31 31 31 31 31 31 31 31 31 31 31 31 31 31 31 23 23 23 31 31 31 31 31 31 31 31 31 31 31 23 31 31 31 31 31 31 31 31 31 31 31 15 0 0 0 0 0 0 0 29 31 31 31 31 31 31 31 31 31 31 31 31 31 31 31 31 31 31 31 31 31 31 31 31 31 31 31 31 31 31 31 31 31 31 31 31 31 31 31 31 31 31 31 31 31 31 31 31 31 31 31 31 31 31 31 31 31 31 31 31 31 31 31 31 31 31 31 31 31 31 31 31 15 0 0 0 0 0 0 0 0 0 0 0 0 0 0 29 31 31 31 31 31 31 31 31 31 31 31 31 31 31 31 31 31 15 0 25 27 27 27 27 27 27 31 31 31 31 31 31 31 31 31 31 31 31 31 31 31 31 31 31 15 0 0 0 0 0 0
0 0 0 0 0 0 0 29 31 31 31 31 23 23 23 23 23 23 23 23 23 23 23 23 23 7 0 0 0 21 23 23 23 23 23 23 23 23 23 7 0 21 31 31 31 31 31 31 31 31 31 31 15 0 0 0 0 0 0 0 29 31 31 31 31 31 31 31 31 31 31 31 31 31 31 31 31 31 31 31 31 31 31 31 31 31 31 31 31 31 31 31 31 31 31 31 31 31 31 31 31 31 31 31 31 31 31 31 31 31 31 31 31 31 31 31 31 31 31 31 31 31 31 31 31 31 31 31 31 31 31 31 31 15 0 0 0 0 0 0 0 0 0 0 0 0 0 0 29 31 31 31 31 31 31 31 31 31 31 31 31 31 31 31 31 31 15 0 29 31 31 31 31 31 31 31 31 31 31 31 31 23 23 23 23 23 23 23 23 23 23 23 23 7 0 0 0 0 0 0
0 0 0 0 0 0 0 29 31 31 31 15 0 0 0 0 0 0 0 0 0 0 0 0 0 0 0 0 0 0 0 0 0 0 0 0 0 0 0 0 0 0 21 23 23 23 31 31 31 23 23 23 7 0 0 0 0 0 0 0 21 23 23 23 23 23 23 23 23 23 23 31 31 31 23 23 23 23 23 23 23 23 23 23 23 31 31 31 23 31 31 31 23 23 23 23 23 31 31 31 23 23 23 23 23 23 23 23 23 31 31 31 23 23 23 23 23 23 23 23 23 23 23 23 23 23 23 31 31 31 23 23 23 7 0 0 0 0 0 0 0 0 0 0 0 0 0 0 21 23 23 23 31 31 31 23 23 23 23 23 23 23 23 31 31 31 7 0 21 23 23 23 23 23 23 31 31 31 31 31 15 0 0 0 0 0 0 0 0 0 0 0 0 0 0 0 0 0 0 0
0 0 0 0 0 0 0 29 31 31 31 31 27 27 27 27 27 27 27 27 27 27 27 27 27 27 27 27 27 27 27 27 27 27 11 0 0 0 0 0 0 0 0 0 0 0 29 31 15 0 0 0 0 0 0 0 0 0 0 0 0 0 0 0 0 0 0 0 0 0 0 29 31 15 0 0 0 0 0 0 0 0 0 0 0 29 31 15 0 29 31 15 0 0 0 0 0 29 31 15 0 0 0 0 0 0 0 0 0 29 31 15 0 0 0 0 0 0 0 0 0 0 0 0 0 0 0 29 31 15 0 0 0 0 0 0 0 0 0 0 0 0 0 0 0 0 0 0 0 0 0 0 29 31 15 0 0 0 0 0 0 0 0 29 31 15 0 0 0 0 0 0 0 0 0 29 31 31 31 31 31 27 27 27 27 27 27 27 27 27 27 27 27 11 0 0 0 0 0 0
0 0 0 0 0 0 0 29 31 31 31 31 31 31 31 31 31 31 31 31 31 31 31 31 31 31 31 31 31 31 31 31 31 31 15 0 0 0 0 0 0 0 25 27 27 27 31 31 31 27 27 11 0 0 0 0 0 0 0 0 0 0 0 0 0 0 0 25 27 27 27 31 31 31 27 27 27 11 0 0 0 25 27 27 27 31 31 15 0 29 31 31 27 27 27 11 0 29 31 31 27 27 27 27 27 11 0 25 27 31 31 31 27 27 27 27 27 27 11 0 0 0 0 25 27 27 27 31 31 31 27 27 27 11 0 0 0 0 0 0 0 0 0 0 0 0 0 0 25 27 27 27 31 31 31 27 27 27 11 0 0 0 0 29 31 31 27 27 27 27 27 27 27 11 0 29 31 31 31 31 31 31 31 31 31 31 31 31 31 31 31 31 31 15 0 0 0 0 0 0
0 0 0 0 0 0 0 29 31 31 31 31 31 31 31 31 31 31 31 31 31 31 31 31 31 31 31 31 31 31 31 31 31 31 15 0 0 0 0 0 0 0 29 31 31 31 31 31 31 31 31 15 0 0 0 0 0 0 0 0 0 0 0 0 0 0 0 29 31 31 31 31 31 31 31 31 31 15 0 0 0 29 31 31 31 31 31 15 0 29 31 31 31 31 31 15 0 29 31 31 31 31 31 31 31 15 0 29 31 31 31 31 31 31 31 31 31 31 15 0 0 0 0 29 31 31 31 31 31 31 31 31 31 15 0 0 0 0 0 0 0 0 0 0 0 0 0 0 29 31 31 31 31 31 31 31 31 31 15 0 0 0 0 29 31 31 31 31 31 31 31 31 31 15 0 29 31 31 31 31 31 23 31 31 31 31 31 31 31 31 31 31 31 15 0 0 0 0 0 0
0 0 0 0 0 0 0 29 31 31 31 31 31 31 31 31 31 31 31 31 31 31 31 31 31 31 31 31 31 31 31 31 31 31 31 27 27 11 0 0 0 0 29 31 31 31 31 31 31 31 31 15 0 0 0 0 0 0 0 0 0 0 0 0 0 0 0 29 31 31 31 31 31 31 31 31 31 15 0 0 0 29 31 31 31 31 31 15 0 29 31 31 31 31 31 15 0 29 31 31 31 31 31 31 31 15 0 29 31 31 31 31 31 31 31 31 31 31 15 0 0 0 0 29 31 31 31 31 31 31 31 31 31 15 0 0 0 0 0 0 0 0 0 0 0 0 0 0 29 31 31 31 31 31 31 31 31 31 15 0 0 0 0 29 31 31 31 31 31 31 31 31 31 15 0 29 31 31 31 31 15 0 29 31 31 31 31 31 31 31 31 31 31 15 0 0 0 0 0 0
0 0 0 0 0 0 0 29 31 31 31 31 31 31 31 31 31 31 31 31 31 31 31 31 31 31 31 31 31 31 31 31 31 31 31 31 31 15 0 0 0 0 29 31 31 31 31 31 31 31 31 15 0 0 0 0 0 0 0 0 0 0 0 0 0 0 0 29 31 31 31 31 31 31 31 31 31 15 0 0 0 29 31 31 31 31 31 15 0 29 31 31 31 31 31 15 0 29 31 31 31 31 31 31 31 15 0 29 31 31 31 31 31 31 31 31 31 31 15 0 0 0 0 29 31 31 31 31 31 31 31 31 31 15 0 0 0 0 0 0 0 0 0 0 0 0 0 0 29 31 31 31 31 31 31 31 31 31 15 0 0 0 0 29 31 31 31 31 31 31 31 31 31 15 0 29 31 31 31 31 7 0 29 31 31 31 31 31 31 31 31 31 31 15 0 0 0 0 0 0
0 0 0 0 0 0 0 29 31 31 31 31 31 31 31 31 31 31 31 31 31 31 31 31 31 31 31 31 31 31 31 31 31 31 31 31 31 15 0 0 0 0 29 31 31 31 31 31 31 31 31 15 0 0 0 0 0 0 0 0 0 0 0 0 0 0 0 29 31 31 31 31 31 31 31 31 31 15 0 0 0 29 31 31 31 31 31 15 0 29 31 31 31 31 31 15 0 29 31 31 31 31 31 31 31 15 0 29 31 31 31 31 31 31 31 31 31 31 15 0 0 0 0 29 31 31 31 31 31 31 31 31 31 15 0 0 0 0 0 0 0 0 0 0 0 0 0 0 29 31 31 31 31 31 31 31 31 31 15 0 0 0 0 29 31 31 31 31 31 31 31 31 31 15 0 29 31 31 31 15 0 0 29 31 31 31 31 31 31 31 31 31 31 15 0 0 0 0 0 0
0 0 0 0 0 0 0 29 31 31 31 31 31 31 31 31 31 31 31 31 31 31 31 31 31 31 31 31 31 31 31 31 31 31 31 31 31 31 27 27 27 27 31 31 31 31 31 31 31 31 31 15 0 0 0 0 0 0 0 0 0 0 0 0 0 0 0 29 31 31 31 31 31 31 31 31 31 15 0 0 0 29 31 31 31 31 31 15 0 29 31 31 31 31 31 15 0 29 31 31 31 31 31 31 31 15 0 29 31 31 31 31 31 31 31 31 31 31 15 0 0 0 0 29 31 31 31 31 31 31 31 31 31 15 0 0 0 0 0 0 0 0 0 0 0 0 0 0 29 31 31 31 31 31 31 31 31 31 15 0 0 0 0 29 31 31 31 31 31 31 31 31 31 15 0 29 31 31 31 15 0 0 29 31 31 31 31 31 31 31 31 31 31 15 0 0 0 0 0 0
0 0 0 0 0 0 0 29 31 31 31 31 31 31 31 31 31 31 31 31 31 31 31 31 31 31 31 31 31 31 31 31 31 31 31 31 31 31 31 31 31 31 31 31 31 31 31 31 31 31 31 15 0 0 0 0 0 0 0 0 0 0 0 0 0 0 0 29 31 31 31 31 31 31 31 31 31 15 0 0 0 29 31 31 31 31 31 15 0 29 31 31 31 31 31 15 0 29 31 31 31 31 31 31 31 15 0 29 31 31 31 31 31 31 31 31 31 31 15 0 0 0 0 29 31 31 31 31 31 31 31 31 31 15 0 0 0 0 0 0 0 0 0 0 0 0 0 0 29 31 31 31 31 31 31 31 31 31 15 0 0 0 0 29 31 31 31 31 31 31 31 31 31 15 0 29 31 31 31 15 0 0 29 31 31 31 31 31 31 31 31 31 31 15 0 0 0 0 0 0
0 0 0 0 0 0 0 29 31 31 31 31 31 31 31 31 31 31 31 31 31 31 31 31 31 31 31 31 31 31 31 31 31 31 31 31 31 31 23 23 23 23 23 23 23 23 31 31 31 23 23 7 0 0 0 0 0 0 0 0 0 0 0 0 0 0 0 29 31 31 31 31 31 31 31 31 31 15 0 0 0 29 31 31 31 31 31 15 0 29 31 31 31 31 31 15 0 29 31 31 31 31 31 31 31 15 0 29 31 31 31 31 31 31 31 31 31 31 15 0 0 0 0 29 31 31 31 31 31 31 31 31 31 15 0 0 0 0 0 0 0 0 0 0 0 0 0 0 29 31 31 31 31 31 31 31 31 31 15 0 0 0 0 29 31 31 31 31 31 31 31 31 31 15 0 29 31 31 31 15 0 0 29 31 31 31 31 31 31 31 31 31 31 15 0 0 0 0 0 0
0 0 0 0 0 0 0 29 31 31 31 31 31 31 31 31 31 31 31 31 31 31 31 31 31 31 31 31 31 31 31 31 31 31 31 31 31 15 0 0 0 0 0 0 0 0 29 31 15 0 0 0 0 0 0 0 0 0 0 0 0 0 0 0 0 0 0 29 31 31 31 31 31 31 31 31 31 15 0 0 0 29 31 31 31 31 31 15 0 29 31 31 31 31 31 15 0 29 31 31 31 31 31 31 31 15 0 29 31 31 31 31 31 31 31 31 31 31 15 0 0 0 0 29 31 31 31 31 31 31 31 31 31 15 0 0 0 0 0 0 0 0 0 0 0 0 0 0 29 31 31 31 31 31 31 31 31 31 15 0 0 0 0 29 31 31 31 31 31 31 31 31 31 15 0 29 31 31 31 15 0 0 29 31 31 31 31 31 31 31 31 31 31 15 0 0 0 0 0 0
0 0 0 0 0 0 0 29 31 31 31 31 31 31 31 31 31 31 31 31 31 31 31 31 31 31 31 31 31 31 31 31 31 31 31 31 31 15 0 0 0 0 0 25 27 27 31 31 31 27 27 11 0 0 0 0 0 0 0 0 0 0 0 0 0 0 0 29 31 31 31 31 31 31 31 31 31 15 0 0 0 29 31 31 31 31 31 15 0 29 31 31 31 31 31 15 0 29 31 31 31 31 31 31 31 15 0 29 31 31 31 31 31 31 31 31 31 31 15 0 0 0 0 29 31 31 31 31 31 31 31 31 31 15 0 0 0 0 0 0 0 0 0 0 0 0 0 0 29 31 31 31 31 31 31 31 31 31 15 0 0 0 0 29 31 31 31 31 31 31 31 31 31 15 0 29 31 31 31 7 0 0 21 23 23 23 23 23 23 23 23 23 23 7 0 0 0 0 0 0
0 0 0 0 0 0 0 29 31 31 31 31 31 31 31 31 31 31 31 31 31 31 31 31 31 31 31 31 31 31 31 31 31 31 31 31 31 15 0 0 0 0 0 29 31 31 31 31 31 31 31 15 0 0 0 0 0 0 0 0 0 0 0 0 0 0 0 29 31 31 31 31 31 31 31 31 31 15 0 0 0 29 31 31 31 31 31 15 0 29 31 31 31 31 31 15 0 29 31 31 31 31 31 31 31 15 0 29 31 31 31 31 31 31 31 31 31 31 15 0 0 0 0 29 31 31 31 31 31 31 31 31 31 15 0 0 0 0 0 0 0 0 0 0 0 0 0 0 29 31 31 31 31 31 31 31 31 31 15 0 0 0 0 29 31 31 31 31 31 31 31 31 31 15 0 29 31 31 15 0 0 0 0 0 0 0 0 0 0 0 0 0 0 0 0 0 0 0 0 0
0 0 0 0 0 0 0 21 31 31 31 31 31 31 31 31 31 31 31 31 31 31 31 31 31 31 31 31 31 31 31 31 31 31 31 31 31 15 0 0 0 0 0 21 23 23 23 23 23 23 23 7 0 0 0 0 0 0 0 0 0 0 0 0 0 0 0 21 23 23 23 23 23 23 23 23 23 7 0 0 0 29 31 31 31 31 31 15 0 21 31 31 31 31 31 15 0 29 31 31 31 31 31 31 31 15 0 29 31 31 31 31 31 31 31 31 31 31 15 0 0 0 0 29 31 31 31 31 31 31 31 31 31 15 0 0 0 0 0 0 0 0 0 0 0 0 0 0 29 31 31 31 31 31 31 31 31 31 15 0 0 0 0 29 31 31 31 31 31 31 31 31 31 15 0 29 31 31 15 0 25 27 27 27 27 27 27 27 27 27 27 27 27 11 0 0 0 0 0 0
0 0 0 0 0 0 0 0 29 31 31 31 31 31 31 31 31 31 31 31 31 31 31 31 31 31 31 31 31 31 31 31 31 31 31 31 31 15 0 0 0 0 0 0 0 0 0 0 0 0 0 0 0 0 0 0 0 0 0 0 0 0 0 0 0 0 0 0 0 0 0 0 0 0 0 0 0 0 0 0 0 29 31 31 31 31 31 15 0 0 29 31 31 31 31 15 0 29 31 31 31 31 31 31 31 15 0 29 31 31 31 31 31 31 31 31 31 31 15 0 0 0 0 21 23 23 23 23 23 23 23 23 23 7 0 0 0 0 0 0 0 0 0 0 0 0 0 0 21 23 23 23 23 23 23 23 23 23 7 0 0 0 0 29 31 31 31 31 31 31 31 31 31 15 0 29 31 31 15 0 29 31 31 31 31 31 31 31 31 31 31 31 31 15 0 0 0 0 0 0
0 0 0 0 0 0 0 0 29 31 31 31 31 31 31 31 31 31 31 31 31 31 31 31 31 31 31 31 31 31 31 31 31 31 31 31 31 15 0 0 0 0 0 0 0 0 0 0 0 0 0 0 0 0 0 0 0 0 0 0 0 0 0 0 0 0 0 0 0 0 0 0 0 0 0 0 0 0 0 0 0 29 31 31 31 31 31 31 11 0 29 31 31 31 31 15 0 29 31 31 31 31 31 31 31 15 0 29 31 31 31 31 31 31 31 31 31 31 15 0 0 0 0 0 0 0 0 0 0 0 0 0 0 0 0 0 0 0 0 0 0 0 0 0 0 0 0 0 0 0 0 0 0 0 0 0 0 0 0 0 0 0 0 29 31 31 31 31 31 31 31 31 31 15 0 29 31 31 15 0 29 31 31 31 31 31 31 31 31 31 31 31 31 15 0 0 0 0 0 0
0 0 0 0 0 0 0 0 29 31 31 31 31 31 31 31 31 31 31 31 31 31 31 31 31 31 31 31 31 31 31 31 31 31 31 31 31 15 0 0 0 0 0 0 0 0 0 0 0 0 0 0 0 0 0 0 0 0 0 0 0 0 0 0 0 0 0 0 0 0 0 0 0 0 0 0 0 0 0 0 0 29 31 31 31 31 31 31 15 0 29 31 31 31 31 15 0 29 31 31 31 31 31 31 31 15 0 29 31 31 31 31 31 31 31 31 31 31 15 0 0 0 0 0 0 0 0 0 0 0 0 0 0 0 0 0 0 0 0 0 0 0 0 0 0 0 0 0 0 0 0 0 0 0 0 0 0 0 0 0 0 0 0 21 23 23 23 23 23 23 23 23 23 7 0 29 31 31 31 27 31 31 31 31 31 31 31 31 31 31 31 31 31 15 0 0 0 0 0 0
0 0 0 0 0 0 0 25 31 31 31 31 31 31 31 31 31 31 31 31 31 31 31 31 31 31 31 31 31 31 31 31 31 31 31 31 31 15 0 0 0 0 0 0 0 0 0 0 0 0 0 0 0 0 0 0 0 0 0 0 0 0 0 0 0 0 0 0 0 0 0 0 0 0 0 0 0 0 0 0 0 21 23 23 23 23 23 23 7 0 21 23 23 23 23 7 0 21 23 23 23 23 23 23 23 7 0 21 23 23 23 23 23 23 23 23 23 23 7 0 0 0 0 0 0 0 0 0 0 0 0 0 0 0 0 0 0 0 0 0 0 0 0 0 0 0 0 0 0 0 0 0 0 0 0 0 0 0 0 0 0 0 0 0 0 0 0 0 0 0 0 0 0 0 0 29 31 31 31 31 31 31 31 31 31 31 31 31 31 31 31 31 31 15 0 0 0 0 0 0
0 0 0 0 0 0 0 29 31 31 31 31 31 31 31 31 31 31 31 31 31 31 31 31 31 31 31 31 31 31 31 31 31 31 31 31 31 15 0 0 0 0 0 0 0 0 0 0 0 0 0 0 0 0 0 0 0 0 0 0 0 0 0 0 0 0 0 0 0 0 0 0 0 0 0 0 0 0 0 0 0 0 0 0 0 0 0 0 0 0 0 0 0 0 0 0 0 0 0 0 0 0 0 0 0 0 0 0 0 0 0 0 0 0 0 0 0 0 0 0 0 0 0 0 0 0 0 0 0 0 0 0 0 0 0 0 0 0 0 0 0 0 0 0 0 0 0 0 0 0 0 0 0 0 0 0 0 0 0 0 0 0 0 25 27 27 27 27 27 27 27 27 27 11 0 29 31 31 31 23 31 31 31 31 31 31 31 31 31 31 31 31 31 15 0 0 0 0 0 0
0 0 0 0 0 0 0 29 31 31 31 31 31 31 31 31 31 31 31 31 31 31 31 31 31 31 31 31 31 31 31 31 31 31 31 31 31 15 0 0 0 0 0 0 0 0 0 0 0 0 0 0 0 0 0 0 0 0 0 0 0 0 0 0 0 0 0 0 0 0 0 0 0 0 0 0 0 0 0 0 0 0 0 0 0 0 0 0 0 0 0 0 0 0 0 0 0 0 0 0 0 0 0 0 0 0 0 0 0 0 0 0 0 0 0 0 0 0 0 0 0 0 0 0 0 0 0 0 0 0 0 0 0 0 0 0 0 0 0 0 0 0 0 0 0 0 0 0 0 0 0 0 0 0 0 0 0 0 0 0 0 0 0 29 31 31 31 31 31 31 31 31 31 15 0 29 31 31 15 0 29 31 31 31 31 31 31 31 31 31 31 31 31 15 0 0 0 0 0 0
0 0 0 0 0 0 0 29 31 31 31 31 31 31 31 31 31 31 31 31 31 31 31 31 31 31 31 31 31 31 31 31 31 31 31 31 31 15 0 0 0 0 0 0 0 0 0 0 0 0 0 0 0 0 0 0 0 0 0 0 0 0 0 0 0 0 0 0 0 0 0 0 0 0 0 0 0 0 0 0 0 0 0 0 0 0 0 0 0 0 0 0 0 0 0 0 0 0 0 0 0 0 0 0 0 0 0 0 0 0 0 0 0 0 0 0 0 0 0 0 0 0 0 0 0 0 0 0 0 0 0 0 0 0 0 0 0 0 0 0 0 0 0 0 0 0 0 0 0 0 0 0 0 0 0 0 0 0 0 0 0 0 0 29 31 31 31 31 31 31 31 31 31 15 0 29 31 31 15 0 29 31 31 31 31 31 31 31 31 31 31 31 31 15 0 0 0 0 0 0
0 0 0 0 0 0 0 29 31 31 31 31 31 31 31 31 31 31 31 31 31 31 31 31 31 31 31 31 31 31 31 31 31 31 31 31 31 15 0 0 0 0 0 0 0 0 0 0 0 0 0 0 0 0 0 0 0 0 0 0 0 0 0 0 0 0 0 0 0 0 0 0 0 0 0 0 0 0 0 0 0 0 0 0 0 0 0 0 0 0 0 0 0 0 0 0 0 0 0 0 0 0 0 0 0 0 0 0 0 0 0 0 0 0 0 0 0 0 0 0 0 0 0 0 0 0 0 0 0 0 0 0 0 0 0 0 0 0 0 0 0 0 0 0 0 0 0 0 0 0 0 0 0 0 0 0 0 0 0 0 0 0 0 29 31 31 31 31 31 31 31 31 31 15 0 29 31 31 15 0 29 31 31 31 31 31 31 31 31 31 31 31 31 15 0 0 0 0 0 0
0 0 0 0 0 0 0 29 31 31 31 31 31 31 31 31 31 31 31 31 31 31 31 31 31 31 31 31 31 31 31 31 31 31 31 31 31 15 0 0 0 0 0 0 0 0 0 0 0 0 0 0 0 0 0 0 0 0 0 0 0 0 0 0 0 0 0 0 0 0 0 0 0 0 0 0 0 0 0 0 0 0 0 0 0 0 0 0 0 0 0 0 0 0 0 0 0 0 0 0 0 0 0 0 0 0 0 0 0 0 0 0 0 0 0 0 0 0 0 0 0 0 0 0 0 0 0 0 0 0 0 0 0 0 0 0 0 0 0 0 0 0 0 0 0 0 0 0 0 0 0 0 0 0 0 0 0 0 0 0 0 0 0 29 31 31 31 31 31 31 31 31 31 15 0 29 31 31 15 0 21 23 23 23 23 23 23 23 23 23 23 23 23 7 0 0 0 0 0 0
0 0 0 0 0 0 0 29 31 31 31 31 31 31 31 31 31 31 31 31 31 31 31 31 31 31 31 31 31 31 31 31 31 31 31 31 31 15 0 0 0 0 0 0 0 0 0 0 0 0 0 0 0 0 0 0 0 0 0 0 0 0 0 0 0 0 0 0 0 0 0 0 0 0 0 0 0 0 0 0 0 0 0 0 0 0 0 0 0 0 0 0 0 0 0 0 0 0 0 0 0 0 0 0 0 0 0 0 0 0 0 0 0 0 0 0 0 0 0 0 0 0 0 0 0 0 0 0 0 0 0 0 0 0 0 0 0 0 0 0 0 0 0 0 0 0 0 0 0 0 0 0 0 0 0 0 0 0 0 0 0 0 0 29 31 31 31 31 31 31 31 31 31 31 27 31 31 31 15 0 0 0 0 0 0 0 0 0 0 0 0 0 0 0 0 0 0 0 0 0
0 0 0 0 0 0 0 29 31 31 31 31 31 31 31 31 31 31 31 31 31 31 31 31 31 31 31 31 31 31 31 31 31 31 31 31 31 15 0 0 0 0 0 0 0 0 0 0 0 0 0 0 0 0 0 0 0 0 0 0 0 0 0 0 0 0 0 0 0 0 0 0 0 0 0 0 0 0 0 0 0 0 0 0 0 0 0 0 0 0 0 0 0 0 0 0 0 0 0 0 0 0 0 0 0 0 0 0 0 0 0 0 0 0 0 0 0 0 0 0 0 0 0 0 0 0 0 0 0 0 0 0 0 0 0 0 0 0 0 0 0 0 0 0 0 0 0 0 0 0 0 0 0 0 0 0 0 0 0 0 0 0 0 29 31 31 31 31 31 31 31 31 31 31 31 31 31 31 15 0 25 27 27 27 27 27 27 27 27 27 27 27 27 11 0 0 0 0 0 0
0 0 0 0 0 0 0 29 31 31 31 31 31 31 31 31 31 31 31 31 31 31 31 31 31 31 31 31 31 31 31 31 31 31 31 31 31 15 0 0 0 0 0 0 0 0 0 0 0 0 0 0 0 0 0 0 0 0 0 0 0 0 0 0 0 0 0 0 0 0 0 0 0 0 0 0 0 0 0 0 0 0 0 0 0 0 0 0 0 0 0 0 0 0 0 0 0 0 0 0 0 0 0 0 0 0 0 0 0 0 0 0 0 0 0 0 0 0 0 0 0 0 0 0 0 0 0 0 0 0 0 0 0 0 0 0 0 0 0 0 0 0 0 0 0 0 0 0 0 0 0 0 0 0 0 0 0 0 0 0 0 0 0 29 31 31 31 31 31 31 31 31 31 31 23 31 31 31 31 27 31 31 31 31 31 31 31 31 31 31 31 31 31 15 0 0 0 0 0 0
0 0 0 0 0 0 0 29 31 31 31 31 31 31 31 31 31 31 31 31 31 31 31 31 31 31 31 31 31 31 31 31 31 31 31 31 31 15 0 0 0 0 0 0 0 0 0 0 0 0 0 0 0 0 0 0 0 0 0 0 0 0 0 0 0 0 0 0 0 0 0 0 0 0 0 0 0 0 0 0 0 0 0 0 0 0 0 0 0 0 0 0 0 0 0 0 0 0 0 0 0 0 0 0 0 0 0 0 0 0 0 0 0 0 0 0 0 0 0 0 0 0 0 0 0 0 0 0 0 0 0 0 0 0 0 0 0 0 0 0 0 0 0 0 0 0 0 0 0 0 0 0 0 0 0 0 0 0 0 0 0 0 0 29 31 31 31 31 31 31 31 31 31 15 0 29 31 31 31 31 31 31 31 31 31 31 31 31 31 31 31 31 31 15 0 0 0 0 0 0
0 0 0 0 0 0 0 29 31 31 31 31 31 31 31 31 31 31 31 31 31 31 31 31 31 31 31 31 31 31 31 31 31 31 31 31 31 15 0 0 0 0 0 0 0 0 0 0 0 0 0 0 0 0 0 0 0 0 0 0 0 0 0 0 0 0 0 0 0 0 0 0 0 0 0 0 0 0 0 0 0 0 0 0 0 0 0 0 0 0 0 0 0 0 0 0 0 0 0 0 0 0 0 0 0 0 0 0 0 0 0 0 0 0 0 0 0 0 0 0 0 0 0 0 0 0 0 0 0 0 0 0 0 0 0 0 0 0 0 0 0 0 0 0 0 0 0 0 0 0 0 0 0 0 0 0 0 0 0 0 0 0 0 29 31 31 31 31 31 31 31 31 31 15 0 29 31 31 31 23 31 31 31 31 31 31 31 31 31 31 31 31 31 15 0 0 0 0 0 0
0 0 0 0 0 0 0 29 31 31 31 31 31 31 31 31 31 31 31 31 31 31 31 31 31 31 31 31 31 31 31 31 31 31 31 31 31 15 0 0 0 0 0 0 0 0 0 0 0 0 0 0 0 0 0 0 0 0 0 0 0 0 0 0 0 0 0 0 0 0 0 0 0 0 0 0 0 0 0 0 0 0 0 0 0 0 0 0 0 0 0 0 0 0 0 0 0 0 0 0 0 0 0 0 0 0 0 0 0 0 0 0 0 0 0 0 0 0 0 0 0 0 0 0 0 0 0 0 0 0 0 0 0 0 0 0 0 0 0 0 0 0 0 0 0 0 0 0 0 0 0 0 0 0 0 0 0 0 0 0 0 0 0 29 31 31 31 31 31 31 31 31 31 15 0 29 31 31 15 0 29 31 31 31 31 31 31 31 31 31 31 31 31 15 0 0 0 0 0 0
0 0 0 0 0 0 0 29 31 31 31 31 31 31 31 31 31 31 31 31 31 31 31 31 31 31 31 31 31 31 31 31 31 31 31 31 31 15 0 0 0 0 0 0 0 0 0 0 0 0 0 0 0 0 0 0 0 0 0 0 0 0 0 0 0 0 0 0 0 0 0 0 0 0 0 0 0 0 0 0 0 0 0 0 0 0 0 0 0 0 0 0 0 0 0 0 0 0 0 0 0 0 0 0 0 0 0 0 0 0 0 0 0 0 0 0 0 0 0 0 0 0 0 0 0 0 0 0 0 0 0 0 0 0 0 0 0 0 0 0 0 0 0 0 0 0 0 0 0 0 0 0 0 0 0 0 0 0 0 0 0 0 0 21 23 23 23 23 23 23 23 23 23 7 0 29 31 31 15 0 21 23 23 23 23 23 23 23 23 23 23 23 23 7 0 0 0 0 0 0
0 0 0 0 0 0 0 29 31 31 31 31 31 31 31 31 31 31 31 31 31 31 31 31 31 31 31 31 31 31 31 31 31 31 31 31 31 15 0 0 0 0 0 0 0 0 0 0 0 0 0 0 0 0 0 0 0 0 0 0 0 0 0 0 0 0 0 0 0 0 0 0 0 0 0 0 0 0 0 0 0 0 0 0 0 0 0 0 0 0 0 0 0 0 0 0 0 0 0 0 0 0 0 0 0 0 0 0 0 0 0 0 0 0 0 0 0 0 0 0 0 0 0 0 0 0 0 0 0 0 0 0 0 0 0 0 0 0 0 0 0 0 0 0 0 0 0 0 0 0 0 0 0 0 0 0 0 0 0 0 0 0 0 0 0 0 0 0 0 0 0 0 0 0 0 29 31 31 15 0 0 0 0 0 0 0 0 0 0 0 0 0 0 0 0 0 0 0 0 0
0 0 0 0 0 0 0 29 31 31 31 31 31 31 31 31 31 31 31 31 31 31 31 31 31 31 31 31 31 31 31 31 31 31 31 31 31 15 0 0 0 0 0 0 0 0 0 0 0 0 0 0 0 0 0 0 0 0 0 0 0 0 0 0 0 0 0 0 0 0 0 0 0 0 0 0 0 0 0 0 0 0 0 0 0 0 0 0 0 0 0 0 0 0 0 0 0 0 0 0 0 0 0 0 0 0 0 0 0 0 0 0 0 0 0 0 0 0 0 0 0 0 0 0 0 0 0 0 0 0 0 0 0 0 0 0 0 0 0 0 0 0 0 0 0 0 0 0 0 0 0 0 0 0 0 0 0 0 0 0 0 0 0 25 27 27 27 27 27 27 27 27 27 27 27 31 31 31 31 27 27 27 27 27 27 27 27 27 27 27 27 27 27 11 0 0 0 0 0 0
0 0 0 0 0 0 0 29 31 31 31 31 31 31 31 31 31 31 31 31 31 31 31 31 31 31 31 31 31 31 31 31 31 31 31 31 31 15 0 0 0 0 0 0 0 0 0 0 0 0 0 0 0 0 0 0 0 0 0 0 0 0 0 0 0 0 0 0 0 0 0 0 0 0 0 0 0 0 0 0 0 0 0 0 0 0 0 0 0 0 0 0 0 0 0 0 0 0 0 0 0 0 0 0 0 0 0 0 0 0 0 0 0 0 0 0 0 0 0 0 0 0 0 0 0 0 0 0 0 0 0 0 0 0 0 0 0 0 0 0 0 0 0 0 0 0 0 0 0 0 0 0 0 0 0 0 0 0 0 0 0 0 0 29 31 31 31 31 31 31 31 31 31 31 31 31 31 31 31 31 31 31 31 31 31 31 31 31 31 31 31 31 31 15 0 0 0 0 0 0
0 0 0 0 0 0 0 29 31 31 31 31 31 31 31 31 31 31 31 31 31 31 31 31 31 31 31 31 31 31 31 31 31 31 31 31 31 15 0 0 0 0 0 0 0 0 0 0 0 0 0 0 0 0 0 0 0 0 0 0 0 0 0 0 0 0 0 0 0 0 0 0 0 0 0 0 0 0 0 0 0 0 0 0 0 0 0 0 0 0 0 0 0 0 0 0 0 0 0 0 0 0 0 0 0 0 0 0 0 0 0 0 0 0 0 0 0 0 0 0 0 0 0 0 0 0 0 0 0 0 0 0 0 0 0 0 0 0 0 0 0 0 0 0 0 0 0 0 0 0 0 0 0 0 0 0 0 0 0 0 0 0 0 29 31 31 31 31 31 31 31 31 31 31 23 23 23 23 23 23 31 31 31 31 31 31 31 31 31 31 31 31 31 15 0 0 0 0 0 0
0 0 0 0 0 0 0 29 31 31 31 31 31 31 31 31 31 31 31 31 31 31 31 31 31 31 31 31 31 31 31 31 31 31 31 31 31 15 0 0 0 0 0 0 0 0 0 0 0 0 0 0 0 0 0 0 0 0 0 0 0 0 0 0 0 0 0 0 0 0 0 0 0 0 0 0 0 0 0 0 0 0 0 0 0 0 0 0 0 0 0 0 0 0 0 0 0 0 0 0 0 0 0 0 0 0 0 0 0 0 0 0 0 0 0 0 0 0 0 0 0 0 0 0 0 0 0 0 0 0 0 0 0 0 0 0 0 0 0 0 0 0 0 0 0 0 0 0 0 0 0 0 0 0 0 0 0 0 0 0 0 0 0 29 31 31 31 31 31 31 31 31 31 15 0 0 0 0 0 0 29 31 31 31 31 31 31 31 31 31 31 31 31 15 0 0 0 0 0 0
0 0 0 0 0 0 0 29 31 31 31 31 31 31 31 31 31 31 31 31 31 31 31 31 31 31 31 31 31 31 31 31 31 31 31 31 31 15 0 0 0 0 0 0 0 0 0 0 0 0 0 0 0 0 0 0 0 0 0 0 0 0 0 0 0 0 0 0 0 0 0 0 0 0 0 0 0 0 0 0 0 0 0 0 0 0 0 0 0 0 0 0 0 0 0 0 0 0 0 0 0 0 0 0 0 0 0 0 0 0 0 0 0 0 0 0 0 0 0 0 0 0 0 0 0 0 0 0 0 0 0 0 0 0 0 0 0 0 0 0 0 0 0 0 0 0 0 0 0 0 0 0 0 0 0 0 0 0 0 0 0 0 0 29 31 31 31 31 31 31 31 31 31 31 27 27 11 0 25 27 31 31 31 31 31 31 31 31 31 31 31 31 31 15 0 0 0 0 0 0
0 0 0 0 0 0 0 29 31 31 31 31 31 31 31 31 31 31 31 31 31 31 31 31 31 31 31 31 31 31 31 31 31 31 31 31 31 15 0 0 0 0 0 0 0 0 0 0 0 0 0 0 0 0 0 0 0 0 0 0 0 0 0 0 0 0 0 0 0 0 0 0 0 0 0 0 0 0 0 0 0 0 0 0 0 0 0 0 0 0 0 0 0 0 0 0 0 0 0 0 0 0 0 0 0 0 0 0 0 0 0 0 0 0 0 0 0 0 0 0 0 0 0 0 0 0 0 0 0 0 0 0 0 0 0 0 0 0 0 0 0 0 0 0 0 0 0 0 0 0 0 0 0 0 0 0 0 0 0 0 0 0 0 29 31 31 31 31 31 31 31 31 31 31 31 31 15 0 29 31 31 31 31 31 31 31 31 31 31 31 31 31 31 15 0 0 0 0 0 0
0 0 0 0 0 0 0 29 31 31 31 31 31 31 31 31 31 31 31 31 31 31 31 31 31 31 31 31 31 31 31 31 31 31 31 31 31 15 0 0 0 0 0 0 0 0 0 0 0 0 0 0 0 0 0 0 0 0 0 0 0 0 0 0 0 0 0 0 0 0 0 0 0 0 0 0 0 0 0 0 0 0 0 0 0 0 0 0 0 0 0 0 0 0 0 0 0 0 0 0 0 0 0 0 0 0 0 0 0 0 0 0 0 0 0 0 0 0 0 0 0 0 0 0 0 0 0 0 0 0 0 0 0 0 0 0 0 0 0 0 0 0 0 0 0 0 0 0 0 0 0 0 0 0 0 0 0 0 0 0 0 0 0 29 31 31 31 31 31 31 31 31 31 31 31 31 15 0 29 31 31 31 31 31 31 31 31 31 31 31 31 31 31 15 0 0 0 0 0 0
0 0 0 0 0 0 0 29 31 31 31 31 31 31 31 31 31 31 31 31 31 31 31 31 31 31 31 31 31 31 31 31 31 31 31 31 31 15 0 0 0 0 0 0 0 0 0 0 0 0 0 0 0 0 0 0 0 0 0 0 0 0 0 0 0 0 0 0 0 0 0 0 0 0 0 0 0 0 0 0 0 0 0 0 0 0 0 0 0 0 0 0 0 0 0 0 0 0 0 0 0 0 0 0 0 0 0 0 0 0 0 0 0 0 0 0 0 0 0 0 0 0 0 0 0 0 0 0 0 0 0 0 0 0 0 0 0 0 0 0 0 0 0 0 0 0 0 0 0 0 0 0 0 0 0 0 0 0 0 0 0 0 0 29 31 31 31 31 31 31 31 31 31 31 31 31 15 0 29 31 31 31 31 31 31 31 31 31 31 31 31 31 31 15 0 0 0 0 0 0
0 0 0 0 0 0 0 29 31 31 31 31 31 31 31 31 31 31 31 31 31 31 31 31 31 31 31 31 31 31 31 31 31 31 31 31 31 15 0 0 0 0 0 0 0 0 0 0 0 0 0 0 0 0 0 0 0 0 0 0 0 0 0 0 0 0 0 0 0 0 0 0 0 0 0 0 0 0 0 0 0 0 0 0 0 0 0 0 0 0 0 0 0 0 0 0 0 0 0 0 0 0 0 0 0 0 0 0 0 0 0 0 0 0 0 0 0 0 0 0 0 0 0 0 0 0 0 0 0 0 0 0 0 0 0 0 0 0 0 0 0 0 0 0 0 0 0 0 0 0 0 0 0 0 0 0 0 0 0 0 0 0 0 21 23 23 31 31 31 31 31 31 31 31 31 31 15 0 29 31 31 31 31 31 31 31 31 31 31 31 31 31 31 15 0 0 0 0 0 0
0 0 0 0 0 0 0 21 23 23 23 23 23 23 23 23 23 23 23 23 23 23 23 23 23 23 23 23 23 23 23 23 23 23 23 23 23 7 0 0 0 0 0 0 0 0 0 0 0 0 0 0 0 0 0 0 0 0 0 0 0 0 0 0 0 0 0 0 0 0 0 0 0 0 0 0 0 0 0 0 0 0 0 0 0 0 0 0 0 0 0 0 0 0 0 0 0 0 0 0 0 0 0 0 0 0 0 0 0 0 0 0 0 0 0 0 0 0 0 0 0 0 0 0 0 0 0 0 0 0 0 0 0 0 0 0 0 0 0 0 0 0 0 0 0 0 0 0 0 0 0 0 0 0 0 0 0 0 0 0 0 0 0 0 0 0 21 23 23 23 23 23 23 23 23 23 7 0 21 23 23 23 23 23 23 23 23 23 23 23 23 23 23 7 0 0 0 0 0 0
0 0 0 0 0 0 0 0 0 0 0 0 0 0 0 0 0 0 0 0 0 0 0 0 0 0 0 0 0 0 0 0 0 0 0 0 0 0 0 0 0 0 0 0 0 0 0 0 0 0 0 0 0 0 0 0 0 0 0 0 0 0 0 0 0 0 0 0 0 0 0 0 0 0 0 0 0 0 0 0 0 0 0 0 0 0 0 0 0 0 0 0 0 0 0 0 0 0 0 0 0 0 0 0 0 0 0 0 0 0 0 0 0 0 0 0 0 0 0 0 0 0 0 0 0 0 0 0 0 0 0 0 0 0 0 0 0 0 0 0 0 0 0 0 0 0 0 0 0 0 0 0 0 0 0 0 0 0 0 0 0 0 0 0 0 0 0 0 0 0 0 0 0 0 0 0 0 0 0 0 0 0 0 0 0 0 0 0 0 0 0 0 0 0 0 0 0 0 0 0
0 0 0 0 0 0 0 0 0 0 0 0 0 0 0 0 0 0 0 0 0 0 0 0 0 0 0 0 0 0 0 0 0 0 0 0 0 0 0 0 0 0 0 0 0 0 0 0 0 0 0 0 0 0 0 0 0 0 0 0 0 0 0 0 0 0 0 0 0 0 0 0 0 0 0 0 0 0 0 0 0 0 0 0 0 0 0 0 0 0 0 0 0 0 0 0 0 0 0 0 0 0 0 0 0 0 0 0 0 0 0 0 0 0 0 0 0 0 0 0 0 0 0 0 0 0 0 0 0 0 0 0 0 0 0 0 0 0 0 0 0 0 0 0 0 0 0 0 0 0 0 0 0 0 0 0 0 0 0 0 0 0 0 0 0 0 0 0 0 0 0 0 0 0 0 0 0 0 0 0 0 0 0 0 0 0 0 0 0 0 0 0 0 0 0 0 0 0 0 0
0 0 0 0 0 0 0 0 0 0 0 0 0 0 0 0 0 0 0 0 0 0 0 0 0 0 0 0 0 0 0 0 0 0 0 0 0 0 0 0 0 0 0 0 0 0 0 0 0 0 0 0 0 0 0 0 0 0 0 0 0 0 0 0 0 0 0 0 0 0 0 0 0 0 0 0 0 0 0 0 0 0 0 0 0 0 0 0 0 0 0 0 0 0 0 0 0 0 0 0 0 0 0 0 0 0 0 0 0 0 0 0 0 0 0 0 0 0 0 0 0 0 0 0 0 0 0 0 0 0 0 0 0 0 0 0 0 0 0 0 0 0 0 0 0 0 0 0 0 0 0 0 0 0 0 0 0 0 0 0 0 0 0 0 0 0 0 0 0 0 0 0 0 0 0 0 0 0 0 0 0 0 0 0 0 0 0 0 0 0 0 0 0 0 0 0 0 0 0 0
0 0 0 0 0 0 0 0 0 0 0 0 0 0 0 0 0 0 0 0 0 0 0 0 0 0 0 0 0 0 0 0 0 0 0 0 0 0 0 0 0 0 0 0 0 0 0 0 0 0 0 0 0 0 0 0 0 0 0 0 0 0 0 0 0 0 0 0 0 0 0 0 0 0 0 0 0 0 0 0 0 0 0 0 0 0 0 0 0 0 0 0 0 0 0 0 0 0 0 0 0 0 0 0 0 0 0 0 0 0 0 0 0 0 0 0 0 0 0 0 0 0 0 0 0 0 0 0 0 0 0 0 0 0 0 0 0 0 0 0 0 0 0 0 0 0 0 0 0 0 0 0 0 0 0 0 0 0 0 0 0 0 0 0 0 0 0 0 0 0 0 0 0 0 0 0 0 0 0 0 0 0 0 0 0 0 0 0 0 0 0 0 0 0 0 0 0 0 0 0
0 0 0 0 0 0 0 0 0 0 0 0 0 0 0 0 0 0 0 0 0 0 0 0 0 0 0 0 0 0 0 0 0 0 0 0 0 0 0 0 0 0 0 0 0 0 0 0 0 0 0 0 0 0 0 0 0 0 0 0 0 0 0 0 0 0 0 0 0 0 0 0 0 0 0 0 0 0 0 0 0 0 0 0 0 0 0 0 0 0 0 0 0 0 0 0 0 0 0 0 0 0 0 0 0 0 0 0 0 0 0 0 0 0 0 0 0 0 0 0 0 0 0 0 0 0 0 0 0 0 0 0 0 0 0 0 0 0 0 0 0 0 0 0 0 0 0 0 0 0 0 0 0 0 0 0 0 0 0 0 0 0 0 0 0 0 0 0 0 0 0 0 0 0 0 0 0 0 0 0 0 0 0 0 0 0 0 0 0 0 0 0 0 0 0 0 0 0 0 0
