0.578063829928 0.216552116672 1.05365032163 -0.150556980798
0.699218393917 0.509750949485 1.55714266562 0.227544594453
0.894158341298 0.867854034271 2.27271796159 0.910239490331
0.287924640801 0.699938413425 1.07388598327 1.20043618806
0.613634331951 0.263777366026 1.20332490306 -0.168055233342
0.516456983796 0.476880337919 1.22313771281 0.402829970851
0.0798885703028 0.52169026438 0.689756087352 1.08158973671
0.467632589016 0.460158730995 1.09510973219 0.368264521797
0.721239957803 0.360120122547 1.43044893862 -0.142778887151
0.498635456633 0.405197945364 1.09267098428 0.154182262168
0.710528081617 1.00245125784 1.98449211502 1.28892485584
0.556377904953 0.692015307602 1.62321919969 0.799115473339
0.364035711195 0.800015020427 1.38945963557 1.15801525677
0.478133253474 0.461344677059 1.21742693608 0.363138833177
0.00215914011208 0.160606536044 0.181728569034 0.321528771645
0.733350222925 0.657544756718 1.87366899839 0.680412060167
0.780220017155 0.916889317025 2.14299282937 0.974458201119
0.19628574407 0.201858647521 0.603731879027 0.132528992052
0.532867299693 0.178609854337 0.89152789396 -0.220790335696
0.466244735138 0.791213207452 1.45436479921 1.14691580009
0.909941298966 0.0924990433513 1.47890625304 -0.581095653822
-0.043290269537 0.932879846914 0.87919516303 1.68979679436
0.855235839206 0.162902571321 1.46533637315 -0.616830370822
0.706915388807 0.0863766130454 1.07582280893 -0.511465903605
0.655989121821 0.877920004984 1.71108061622 1.07201273693
0.766338862427 0.445143154902 1.53657112742 0.045626154381
0.69906824091 0.587815599713 1.63273943737 0.472746640609
0.329009289965 0.604341040207 1.04259025674 0.912585446137
0.896694763939 0.503693916127 1.70789030971 0.0892645599527
0.0402560586149 1.01511393873 0.98424314807 1.90474748403
